0 0 0
4 4 0
12 12 0
13 13 0
14 14 0
23 23 0
30 30 0
40 40 0
45 45 0
50 50 0
60 60 0
100 100 0
1 26 0
15 2 0
13 9 0
14 3 0
17 34 0
1 3 0
23 45 0
34 5 0
23 1 0
2 1 0
4 57 0
23 50 0
100 100 0
123 3 0
3 45 0
12 130 0
50 110 0
112 69 0
0 100 0
10 90 0
20 80 0
30 70 0
40 60 0
50 50 0
60 40 0
70 30 0
80 20 0
90 10 0
100 0 0
0 130 0
10 130 0
20 130 0
30 130 0
40 130 0
50 130 0
60 130 0
70 130 0
80 130 0
90 130 0
100 130 0
0 130 0
130 10 0
130 20 0
130 30 0
130 40 0
130 50 0
130 60 0
130 70 0
130 80 0
130 90 0
130 100 0
130 110 0
130 120 0
130 130 0
130 140 0