0   4000
1   4000
2   4000
3   4000
4   4000
5   4000
6   4000
7   4000
8   4000
9   1210
10   1210
11   1220
12   4000
13   4000
14   4000
15   4000
16   4000
17   4000
18   4000
19   4000
20   4000
21   4000
22   4000
23   4000
24   470
25   470
26   4000
27   4000
28   460
29   450
30   440
31   450
32   450
33   460
34   460
35   4000
36   4000
37   4000
38   4000
39   1570
40   1580
41   4000
42   1460
43   4000
44   4000
45   4000
46   1770
47   4000
48   1830
49   1850
50   4000
51   4000
52   700
53   4000
54   4000
55   750
56   740
57   280
58   280
59   4000
60   4000
61   2580
62   4000
63   4000
64   2960
65   1090
66   1070
67   1090
68   4000
69   3610
70   3900
71   4000
72   1510
73   1500
74   1500
75   4000
76   1510
77   1630
78   1680
79   1710
80   2170
81   3070
82   2300
83   1740
84   2010
85   4000
86   2270
87   4000
88   4000
89   4000
90   4000
91   4000
92   4000
93   3810
94   3360
95   3190
96   2700
97   2800
98   2390
99   1990
100   1800
101   1460
102   1640
103   1610
104   4000
105   1440
106   1210
107   1180
108   1190
109   4000
110   3200
111   960
112   4000
113   2830
114   880
115   850
116   840
117   850
118   2400
119   2290
120   2250
121   2200
122   4000
123   4000
124   760
125   1240
126   1230
127   4000
128   1870
129   570
130   560
131   550
132   580
133   570
134   4000
135   1620
136   1620
137   4000
138   4000
139   4000
140   4000
141   1850
142   4000
143   4000
144   4000
145   1500
146   860
147   1400
148   4000
149   1970
150   4000
151   4000
152   4000
153   1320
154   1310
155   4000
156   4000
157   4000
158   4000
159   4000
160   1230
161   280
162   1250
163   4000
164   4000
165   340
166   340
167   1200
168   380
169   410
170   410
171   410
172   400
173   400
174   400
175   400
176   1200
177   1200
178   4000
179   4000