0   1100
1   1100
2   1100
3   4000
4   360
5   1810
6   4000
7   4000
8   1120
9   1120
10   1130
11   360
12   4000
13   4000
14   4000
15   4000
16   4000
17   1920
18   1160
19   1160
20   1170
21   4000
22   2000
23   4000
24   4000
25   4000
26   420
27   410
28   440
29   450
30   450
31   2190
32   4000
33   1220
34   1340
35   1360
36   2320
37   4000
38   2420
39   2420
40   1510
41   1510
42   530
43   520
44   520
45   560
46   560
47   550
48   1250
49   1530
50   1370
51   1650
52   1390
53   1750
54   690
55   680
56   670
57   690
58   710
59   1710
60   1650
61   870
62   430
63   870
64   1470
65   2790
66   2970
67   3000
68   1050
69   1040
70   1200
71   1200
72   1230
73   630
74   640
75   850
76   1060
77   1280
78   1400
79   780
80   2590
81   970
82   1140
83   1290
84   2830
85   1210
86   2900
87   1350
88   4000
89   1560
90   2460
91   1010
92   2520
93   1360
94   2140
95   2240
96   2230
97   4000
98   1990
99   1810
100   1600
101   4000
102   1400
103   1410
104   1220
105   1230
106   1080
107   1040
108   1050
109   4000
110   4000
111   890
112   890
113   850
114   850
115   4000
116   4000
117   4000
118   690
119   4000
120   670
121   680
122   4000
123   4000
124   4000
125   4000
126   4000
127   550
128   540
129   530
130   520
131   550
132   540
133   4000
134   4000
135   4000
136   4000
137   4000
138   4000
139   4000
140   4000
141   4000
142   440
143   440
144   430
145   430
146   420
147   430
148   440
149   4000
150   4000
151   4000
152   4000
153   4000
154   4000
155   4000
156   4000
157   4000
158   4000
159   4000
160   4000
161   4000
162   4000
163   4000
164   4000
165   4000
166   4000
167   360
168   380
169   380
170   380
171   380
172   380
173   380
174   380
175   4000
176   4000
177   4000
178   4000
179   4000