0   4000
1   4000
2   4000
3   4000
4   4000
5   4000
6   4000
7   4000
8   4000
9   4000
10   4000
11   4000
12   4000
13   4000
14   4000
15   4000
16   2080
17   4000
18   4000
19   4000
20   2140
21   4000
22   4000
23   4000
24   4000
25   4000
26   2240
27   1410
28   1380
29   1400
30   4000
31   2320
32   2350
33   1490
34   1470
35   1490
36   2500
37   4000
38   4000
39   2620
40   4000
41   1610
42   1630
43   2810
44   4000
45   1770
46   1760
47   3060
48   4000
49   4000
50   3240
51   1980
52   4000
53   3440
54   4000
55   740
56   760
57   4000
58   4000
59   2460
60   870
61   860
62   890
63   2890
64   4000
65   1040
66   1040
67   3350
68   1230
69   1230
70   1260
71   1410
72   1400
73   1570
74   1790
75   1790
76   2000
77   2040
78   4000
79   2420
80   2860
81   3310
82   3570
83   4000
84   4000
85   4000
86   4000
87   4000
88   4000
89   4000
90   4000
91   4000
92   4000
93   4000
94   3790
95   3080
96   2860
97   2650
98   2410
99   2160
100   1930
101   1720
102   1730
103   1510
104   1350
105   1310
106   3960
107   3680
108   1090
109   1110
110   4000
111   890
112   870
113   880
114   2790
115   2610
116   2580
117   4000
118   750
119   730
120   760
121   740
122   4000
123   3480
124   1990
125   4000
126   4000
127   3210
128   1840
129   4000
130   2940
131   4000
132   1700
133   1710
134   2740
135   1600
136   1570
137   1590
138   2610
139   4000
140   4000
141   1470
142   1450
143   1470
144   4000
145   4000
146   2320
147   2340
148   4000
149   4000
150   1340
151   1330
152   1350
153   2170
154   2160
155   4000
156   4000
157   4000
158   4000
159   4000
160   2070
161   4000
162   4000
163   4000
164   4000
165   4000
166   4000
167   4000
168   4000
169   4000
170   4000
171   4000
172   4000
173   4000
174   4000
175   4000
176   4000
177   4000
178   4000
179   4000